
NUMPOLLIES 12

// Floor 1
-0.5  0.0 -0.5 0.0 1.0
-0.5  0.0  0.5 0.0 0.0
 0.5  0.0  0.5 1.0 0.0

-0.5  0.0 -0.5 0.0 1.0
 0.5  0.0 -0.5 1.0 1.0
 0.5  0.0  0.5 1.0 0.0

// Side 2
 0.5  0.0 -0.5 1.0 0.0
 0.5  0.0  0.5 0.0 0.0
 0.5  1.0  0.5 0.0 1.0

 0.5  1.0  0.5 0.0 1.0
 0.5  1.0 -0.5 1.0 1.0
 0.5  0.0 -0.5 1.0 0.0


// Side 3
-0.5  0.0 -0.5 1.0 0.0
-0.5  0.0  0.5 0.0 0.0
-0.5  1.0  0.5 0.0 1.0

-0.5  1.0  0.5 0.0 1.0
-0.5  1.0 -0.5 1.0 1.0
-0.5  0.0 -0.5 1.0 0.0


// Ceiling 1
-0.5  1.0 -0.5 0.0 1.0
-0.5  1.0  0.5 0.0 0.0
 0.5  1.0  0.5 1.0 0.0

-0.5  1.0 -0.5 0.0 1.0
 0.5  1.0 -0.5 1.0 1.0
 0.5  1.0  0.5 1.0 0.0

// Side 1

-0.5  1.0  -0.5 0.0 1.0
-0.5  0.0  -0.5 0.0 0.0
 0.5  0.0  -0.5 1.0 0.0

-0.5  1.0  -0.5 0.0 1.0
 0.5  1.0  -0.5 1.0 1.0
 0.5  0.0  -0.5 1.0 0.0

// Side 2 - Opposite Side 1
-0.5  1.0   0.5 0.0 1.0
-0.5  0.0   0.5 0.0 0.0
 0.5  0.0   0.5 1.0 0.0

-0.5  1.0   0.5 0.0 1.0
 0.5  1.0   0.5 1.0 1.0
 0.5  0.0   0.5 1.0 0.0

